1990640970
6855166379
7338261352
1496610382
6458292571
8027629682
5868659301
5621511565
839959546
5269305211
5257223751
8185677242
6072308083
5790182077
5822360617
6095420056
1365036490
6785830527
5120073793
2032077226
6209624460
5962869231
6837579185
1021195755
6001846112
1777656499
6457030549
1869611803
7361068821
1468419933
7005195040
5867264710
7859158469
1855701819
6374510878
6578879911
5769754601
1408693870
6223100361
8084068338
6121191057
5842585966
1695548753
6678256910
7307329661
5761090914
7403083789
7909141428
6366870875
1356200400
712483519
6115559189
7005265362
6951413920
1659509030
7050434195
1350042481
1750681308
7473330051
5182200199
6645045693
6800351948
6178435701
5553544232
5647663814
6288334585
5781069087
844485406
7725901812
1167810951
1356595402
1350668484
1551142575
1465355846
1395017460
837207230
5114238901
5965157587
6676486554
2034374966
1160520609
5763343113
6627541621
1108489245
6883296615
6320029716
7270898362
1008354885
7464674529
7487899746
1814268539
1974202555
7352556680
8019139468
5563671951
1509816305
8083396988
1117074773
6974582684
2110354652
8083396988
1496610382
7512506057
6951413920
1244954618
1038646826
7038279938
1395017460
7979079320
5674567954
5769754601
5563671951
6855166379
1668699986
1060925716
513341010
1350042481
6053249330
6857619567
7177488628
1120982963
2056638159
5878584020
6977373002
5588713208
961358082
6473352686
7835948497
1138211089
7738942761
5030594639
617070690
558675078
7911139864
6108249213
5874171999
1974202555
7620399104
6408468315
1323528013
6541578485
5637056277
5910944116
714849147
5687691007
7030874697
1878211606
1307640892
910576584
7461334529
1264527791
8296988748
1948726910
1382798800
7597258198
665400463
7696100963
1752352904
6220498561